9
1 2 3 4 5 6 7 8 9
- 7 - - - - - 3 2
- - 9 2 - 8 7 - 5
2 - - 7 - 3 1 - -
- - 1 - 6 - 3 7 -
- 3 - - - - 4 - -
- 8 - 3 7 - - 6 1
6 - - 5 - 1 - 8 -
5 9 4 - 2 - 6 - -
8 1 - - 4 9 2 - 7

Solution:
1 7 5 4 9 6 8 3 2 
3 6 9 2 1 8 7 4 5 
2 4 8 7 5 3 1 9 6 
4 5 1 9 6 2 3 7 8 
7 3 6 1 8 5 4 2 9 
9 8 2 3 7 4 5 6 1 
6 2 7 5 3 1 9 8 4 
5 9 4 8 2 7 6 1 3 
8 1 3 6 4 9 2 5 7 


Total time: 00:00:00.009

Strategy                  Uses       Time           
OneSpotLeft               0          00:00:00.000   
SinglePosition            43         00:00:00.002   
